0.0
0.0
0.0
0.0
0.0
0.0
0.0
0.0
0.0
0.0
0.0
0.0
0.0
0.0
0.0
0.0
0.0
-1.8E-44
-1.121E-42
-6.3348E-41
-3.309025E-39
-1.5971563E-37
-7.1227245E-36
-2.9346882E-34
-1.1170138E-32
-3.927329E-31
-1.2753723E-29
-3.8250204E-28
-1.0593531E-26
-2.7089903E-25
-6.3955876E-24
-1.3938048E-22
-2.8035599E-21
-5.2039978E-20
-8.912751E-19
-1.408172E-17
-2.0520329E-16
-2.757438E-15
-3.4160168E-14
-3.9004794E-13
-4.103744E-12
-3.9771818E-11
-3.5494396E-10
-2.9159077E-9
-2.2041489E-8
-1.5323742E-7
-9.793241E-7
-5.750158E-6
-3.0999006E-5
-1.5332633E-4
-6.952309E-4
-0.0028871845
-0.010969322
-0.038079634
-0.12060462
-0.34787208
-0.91185206
-2.166333
-4.649059
-8.972957
-15.481466
-23.665533
-31.585442
-35.788647
-32.14894
-17.466944
9.103574
45.84918
89.49567
136.02042
179.96382
213.02625
224.74309
207.00809
160.2314
95.96767
32.69787
-13.047367
-34.131363
-34.11471
-22.712313
-9.544132
-0.21523568
4.0672812
4.690385
3.6137114
2.234235
1.1752735
0.540381
0.22045752
0.080552064
0.026527492
0.007909337
0.002142229
5.2844064E-4
1.1896472E-4
2.448213E-5
4.611891E-6
7.9615984E-7
1.2607511E-7
1.8328318E-8
2.4478652E-9
3.005328E-10
3.3936767E-11
3.5263942E-12
3.373315E-13
2.9717565E-14
2.4118342E-15
1.803817E-16
1.2435658E-17
7.904705E-19
4.6338577E-20
2.5057116E-21
1.2500699E-22
5.7547853E-24
2.4450428E-25
9.588966E-27
3.4717254E-28
1.1605494E-29
3.58244E-31
1.0212685E-32
2.6890076E-34
6.540002E-36
1.46939E-37
3.050051E-39
5.8496E-41
1.037E-42
1.7E-44
0.0
0.0
0.0
0.0
0.0
0.0
0.0
0.0
0.0
0.0
0.0
0.0
0.0
0.0
0.0
0.0
