400 760
0 1
0 20
1 2
1 21
2 3
2 22
3 4
3 23
4 5
4 24
5 6
5 25
6 7
6 26
7 8
7 27
8 9
8 28
9 10
9 29
10 11
10 30
11 12
11 31
12 13
12 32
13 14
13 33
14 15
14 34
15 16
15 35
16 17
16 36
17 18
17 37
18 19
18 38
19 39
20 21
20 40
21 22
21 41
22 23
22 42
23 24
23 43
24 25
24 44
25 26
25 45
26 27
26 46
27 28
27 47
28 29
28 48
29 30
29 49
30 31
30 50
31 32
31 51
32 33
32 52
33 34
33 53
34 35
34 54
35 36
35 55
36 37
36 56
37 38
37 57
38 39
38 58
39 59
40 41
40 60
41 42
41 61
42 43
42 62
43 44
43 63
44 45
44 64
45 46
45 65
46 47
46 66
47 48
47 67
48 49
48 68
49 50
49 69
50 51
50 70
51 52
51 71
52 53
52 72
53 54
53 73
54 55
54 74
55 56
55 75
56 57
56 76
57 58
57 77
58 59
58 78
59 79
60 61
60 80
61 62
61 81
62 63
62 82
63 64
63 83
64 65
64 84
65 66
65 85
66 67
66 86
67 68
67 87
68 69
68 88
69 70
69 89
70 71
70 90
71 72
71 91
72 73
72 92
73 74
73 93
74 75
74 94
75 76
75 95
76 77
76 96
77 78
77 97
78 79
78 98
79 99
80 81
80 100
81 82
81 101
82 83
82 102
83 84
83 103
84 85
84 104
85 86
85 105
86 87
86 106
87 88
87 107
88 89
88 108
89 90
89 109
90 91
90 110
91 92
91 111
92 93
92 112
93 94
93 113
94 95
94 114
95 96
95 115
96 97
96 116
97 98
97 117
98 99
98 118
99 119
100 101
100 120
101 102
101 121
102 103
102 122
103 104
103 123
104 105
104 124
105 106
105 125
106 107
106 126
107 108
107 127
108 109
108 128
109 110
109 129
110 111
110 130
111 112
111 131
112 113
112 132
113 114
113 133
114 115
114 134
115 116
115 135
116 117
116 136
117 118
117 137
118 119
118 138
119 139
120 121
120 140
121 122
121 141
122 123
122 142
123 124
123 143
124 125
124 144
125 126
125 145
126 127
126 146
127 128
127 147
128 129
128 148
129 130
129 149
130 131
130 150
131 132
131 151
132 133
132 152
133 134
133 153
134 135
134 154
135 136
135 155
136 137
136 156
137 138
137 157
138 139
138 158
139 159
140 141
140 160
141 142
141 161
142 143
142 162
143 144
143 163
144 145
144 164
145 146
145 165
146 147
146 166
147 148
147 167
148 149
148 168
149 150
149 169
150 151
150 170
151 152
151 171
152 153
152 172
153 154
153 173
154 155
154 174
155 156
155 175
156 157
156 176
157 158
157 177
158 159
158 178
159 179
160 161
160 180
161 162
161 181
162 163
162 182
163 164
163 183
164 165
164 184
165 166
165 185
166 167
166 186
167 168
167 187
168 169
168 188
169 170
169 189
170 171
170 190
171 172
171 191
172 173
172 192
173 174
173 193
174 175
174 194
175 176
175 195
176 177
176 196
177 178
177 197
178 179
178 198
179 199
180 181
180 200
181 182
181 201
182 183
182 202
183 184
183 203
184 185
184 204
185 186
185 205
186 187
186 206
187 188
187 207
188 189
188 208
189 190
189 209
190 191
190 210
191 192
191 211
192 193
192 212
193 194
193 213
194 195
194 214
195 196
195 215
196 197
196 216
197 198
197 217
198 199
198 218
199 219
200 201
200 220
201 202
201 221
202 203
202 222
203 204
203 223
204 205
204 224
205 206
205 225
206 207
206 226
207 208
207 227
208 209
208 228
209 210
209 229
210 211
210 230
211 212
211 231
212 213
212 232
213 214
213 233
214 215
214 234
215 216
215 235
216 217
216 236
217 218
217 237
218 219
218 238
219 239
220 221
220 240
221 222
221 241
222 223
222 242
223 224
223 243
224 225
224 244
225 226
225 245
226 227
226 246
227 228
227 247
228 229
228 248
229 230
229 249
230 231
230 250
231 232
231 251
232 233
232 252
233 234
233 253
234 235
234 254
235 236
235 255
236 237
236 256
237 238
237 257
238 239
238 258
239 259
240 241
240 260
241 242
241 261
242 243
242 262
243 244
243 263
244 245
244 264
245 246
245 265
246 247
246 266
247 248
247 267
248 249
248 268
249 250
249 269
250 251
250 270
251 252
251 271
252 253
252 272
253 254
253 273
254 255
254 274
255 256
255 275
256 257
256 276
257 258
257 277
258 259
258 278
259 279
260 261
260 280
261 262
261 281
262 263
262 282
263 264
263 283
264 265
264 284
265 266
265 285
266 267
266 286
267 268
267 287
268 269
268 288
269 270
269 289
270 271
270 290
271 272
271 291
272 273
272 292
273 274
273 293
274 275
274 294
275 276
275 295
276 277
276 296
277 278
277 297
278 279
278 298
279 299
280 281
280 300
281 282
281 301
282 283
282 302
283 284
283 303
284 285
284 304
285 286
285 305
286 287
286 306
287 288
287 307
288 289
288 308
289 290
289 309
290 291
290 310
291 292
291 311
292 293
292 312
293 294
293 313
294 295
294 314
295 296
295 315
296 297
296 316
297 298
297 317
298 299
298 318
299 319
300 301
300 320
301 302
301 321
302 303
302 322
303 304
303 323
304 305
304 324
305 306
305 325
306 307
306 326
307 308
307 327
308 309
308 328
309 310
309 329
310 311
310 330
311 312
311 331
312 313
312 332
313 314
313 333
314 315
314 334
315 316
315 335
316 317
316 336
317 318
317 337
318 319
318 338
319 339
320 321
320 340
321 322
321 341
322 323
322 342
323 324
323 343
324 325
324 344
325 326
325 345
326 327
326 346
327 328
327 347
328 329
328 348
329 330
329 349
330 331
330 350
331 332
331 351
332 333
332 352
333 334
333 353
334 335
334 354
335 336
335 355
336 337
336 356
337 338
337 357
338 339
338 358
339 359
340 341
340 360
341 342
341 361
342 343
342 362
343 344
343 363
344 345
344 364
345 346
345 365
346 347
346 366
347 348
347 367
348 349
348 368
349 350
349 369
350 351
350 370
351 352
351 371
352 353
352 372
353 354
353 373
354 355
354 374
355 356
355 375
356 357
356 376
357 358
357 377
358 359
358 378
359 379
360 361
360 380
361 362
361 381
362 363
362 382
363 364
363 383
364 365
364 384
365 366
365 385
366 367
366 386
367 368
367 387
368 369
368 388
369 370
369 389
370 371
370 390
371 372
371 391
372 373
372 392
373 374
373 393
374 375
374 394
375 376
375 395
376 377
376 396
377 378
377 397
378 379
378 398
379 399
380 381
381 382
382 383
383 384
384 385
385 386
386 387
387 388
388 389
389 390
390 391
391 392
392 393
393 394
394 395
395 396
396 397
397 398
398 399
4.19580420e-06 4.19580420e-06
4.19580420e-06 4.19580420e-06
4.54545455e-06 4.54545455e-06
5.05050505e-06 5.05050505e-06
4.54545455e-06 4.54545455e-06
5.05050505e-06 5.05050505e-06
4.54545455e-06 4.54545455e-06
5.05050505e-06 5.05050505e-06
4.54545455e-06 4.54545455e-06
5.05050505e-06 5.05050505e-06
4.54545455e-06 4.54545455e-06
5.05050505e-06 5.05050505e-06
4.54545455e-06 4.54545455e-06
5.05050505e-06 5.05050505e-06
4.54545455e-06 4.54545455e-06
5.05050505e-06 5.05050505e-06
4.54545455e-06 4.54545455e-06
5.05050505e-06 5.05050505e-06
4.54545455e-06 4.54545455e-06
5.05050505e-06 5.05050505e-06
4.54545455e-06 4.54545455e-06
5.05050505e-06 5.05050505e-06
4.54545455e-06 4.54545455e-06
5.05050505e-06 5.05050505e-06
4.54545455e-06 4.54545455e-06
5.05050505e-06 5.05050505e-06
4.54545455e-06 4.54545455e-06
5.05050505e-06 5.05050505e-06
4.54545455e-06 4.54545455e-06
5.05050505e-06 5.05050505e-06
4.54545455e-06 4.54545455e-06
5.05050505e-06 5.05050505e-06
4.54545455e-06 4.54545455e-06
5.05050505e-06 5.05050505e-06
4.54545455e-06 4.54545455e-06
5.05050505e-06 5.05050505e-06
4.19580420e-06 4.19580420e-06
5.05050505e-06 5.05050505e-06
4.19580420e-06 4.19580420e-06
5.05050505e-06 5.05050505e-06
4.54545455e-06 4.54545455e-06
5.55555556e-06 5.55555556e-06
5.55555556e-06 5.55555556e-06
5.55555556e-06 5.55555556e-06
5.55555556e-06 5.55555556e-06
5.55555556e-06 5.55555556e-06
5.55555556e-06 5.55555556e-06
5.55555556e-06 5.55555556e-06
5.55555556e-06 5.55555556e-06
5.55555556e-06 5.55555556e-06
5.55555556e-06 5.55555556e-06
5.55555556e-06 5.55555556e-06
5.55555556e-06 5.55555556e-06
5.55555556e-06 5.55555556e-06
5.55555556e-06 5.55555556e-06
5.55555556e-06 5.55555556e-06
5.55555556e-06 5.55555556e-06
5.55555556e-06 5.55555556e-06
5.55555556e-06 5.55555556e-06
5.55555556e-06 5.55555556e-06
5.55555556e-06 5.55555556e-06
5.55555556e-06 5.55555556e-06
5.55555556e-06 5.55555556e-06
5.55555556e-06 5.55555556e-06
5.55555556e-06 5.55555556e-06
5.55555556e-06 5.55555556e-06
5.55555556e-06 5.55555556e-06
5.55555556e-06 5.55555556e-06
5.55555556e-06 5.55555556e-06
5.55555556e-06 5.55555556e-06
5.55555556e-06 5.55555556e-06
5.55555556e-06 5.55555556e-06
5.55555556e-06 5.55555556e-06
5.55555556e-06 5.55555556e-06
5.55555556e-06 5.55555556e-06
5.05050505e-06 5.05050505e-06
5.55555556e-06 5.55555556e-06
4.54545455e-06 4.54545455e-06
5.05050505e-06 5.05050505e-06
4.54545455e-06 4.54545455e-06
5.55555556e-06 5.55555556e-06
5.55555556e-06 5.55555556e-06
5.55555556e-06 5.55555556e-06
5.55555556e-06 5.55555556e-06
5.55555556e-06 5.55555556e-06
5.55555556e-06 5.55555556e-06
5.55555556e-06 5.55555556e-06
5.55555556e-06 5.55555556e-06
5.55555556e-06 5.55555556e-06
5.55555556e-06 5.55555556e-06
5.55555556e-06 5.55555556e-06
5.55555556e-06 5.55555556e-06
5.55555556e-06 5.55555556e-06
5.55555556e-06 5.55555556e-06
5.55555556e-06 5.55555556e-06
5.55555556e-06 5.55555556e-06
5.55555556e-06 5.55555556e-06
5.55555556e-06 5.55555556e-06
5.55555556e-06 5.55555556e-06
5.55555556e-06 5.55555556e-06
5.55555556e-06 5.55555556e-06
5.55555556e-06 5.55555556e-06
5.55555556e-06 5.55555556e-06
5.55555556e-06 5.55555556e-06
5.55555556e-06 5.55555556e-06
5.55555556e-06 5.55555556e-06
5.55555556e-06 5.55555556e-06
5.55555556e-06 5.55555556e-06
5.55555556e-06 5.55555556e-06
5.55555556e-06 5.55555556e-06
5.55555556e-06 5.55555556e-06
5.55555556e-06 5.55555556e-06
5.55555556e-06 5.55555556e-06
5.55555556e-06 5.55555556e-06
5.05050505e-06 5.05050505e-06
5.55555556e-06 5.55555556e-06
4.54545455e-06 4.54545455e-06
5.05050505e-06 5.05050505e-06
4.54545455e-06 4.54545455e-06
5.55555556e-06 5.55555556e-06
5.55555556e-06 5.55555556e-06
5.55555556e-06 5.55555556e-06
5.55555556e-06 5.55555556e-06
5.55555556e-06 5.55555556e-06
5.55555556e-06 5.55555556e-06
5.55555556e-06 5.55555556e-06
5.55555556e-06 5.55555556e-06
5.55555556e-06 5.55555556e-06
5.55555556e-06 5.55555556e-06
5.55555556e-06 5.55555556e-06
5.55555556e-06 5.55555556e-06
5.55555556e-06 5.55555556e-06
5.55555556e-06 5.55555556e-06
5.55555556e-06 5.55555556e-06
5.55555556e-06 5.55555556e-06
5.55555556e-06 5.55555556e-06
5.55555556e-06 5.55555556e-06
5.55555556e-06 5.55555556e-06
5.55555556e-06 5.55555556e-06
5.55555556e-06 5.55555556e-06
5.55555556e-06 5.55555556e-06
5.55555556e-06 5.55555556e-06
5.55555556e-06 5.55555556e-06
5.55555556e-06 5.55555556e-06
5.55555556e-06 5.55555556e-06
5.55555556e-06 5.55555556e-06
5.55555556e-06 5.55555556e-06
5.55555556e-06 5.55555556e-06
5.55555556e-06 5.55555556e-06
5.55555556e-06 5.55555556e-06
5.55555556e-06 5.55555556e-06
5.55555556e-06 5.55555556e-06
5.55555556e-06 5.55555556e-06
5.05050505e-06 5.05050505e-06
5.55555556e-06 5.55555556e-06
4.54545455e-06 4.54545455e-06
5.05050505e-06 5.05050505e-06
4.54545455e-06 4.54545455e-06
5.55555556e-06 5.55555556e-06
5.55555556e-06 5.55555556e-06
5.55555556e-06 5.55555556e-06
5.55555556e-06 5.55555556e-06
5.55555556e-06 5.55555556e-06
5.55555556e-06 5.55555556e-06
5.55555556e-06 5.55555556e-06
5.55555556e-06 5.55555556e-06
5.55555556e-06 5.55555556e-06
5.55555556e-06 5.55555556e-06
5.55555556e-06 5.55555556e-06
5.55555556e-06 5.55555556e-06
5.55555556e-06 5.55555556e-06
5.55555556e-06 5.55555556e-06
5.55555556e-06 5.55555556e-06
5.55555556e-06 5.55555556e-06
5.55555556e-06 5.55555556e-06
5.55555556e-06 5.55555556e-06
5.55555556e-06 5.55555556e-06
5.55555556e-06 5.55555556e-06
5.55555556e-06 5.55555556e-06
5.55555556e-06 5.55555556e-06
5.55555556e-06 5.55555556e-06
5.55555556e-06 5.55555556e-06
5.55555556e-06 5.55555556e-06
5.55555556e-06 5.55555556e-06
5.55555556e-06 5.55555556e-06
5.55555556e-06 5.55555556e-06
5.55555556e-06 5.55555556e-06
5.55555556e-06 5.55555556e-06
5.55555556e-06 5.55555556e-06
5.55555556e-06 5.55555556e-06
5.55555556e-06 5.55555556e-06
5.55555556e-06 5.55555556e-06
5.05050505e-06 5.05050505e-06
5.55555556e-06 5.55555556e-06
4.54545455e-06 4.54545455e-06
5.05050505e-06 5.05050505e-06
4.54545455e-06 4.54545455e-06
5.55555556e-06 5.55555556e-06
5.55555556e-06 5.55555556e-06
5.55555556e-06 5.55555556e-06
5.55555556e-06 5.55555556e-06
5.55555556e-06 5.55555556e-06
5.55555556e-06 5.55555556e-06
5.55555556e-06 5.55555556e-06
5.55555556e-06 5.55555556e-06
5.55555556e-06 5.55555556e-06
5.55555556e-06 5.55555556e-06
5.55555556e-06 5.55555556e-06
5.55555556e-06 5.55555556e-06
5.55555556e-06 5.55555556e-06
5.55555556e-06 5.55555556e-06
5.55555556e-06 5.55555556e-06
5.55555556e-06 5.55555556e-06
5.55555556e-06 5.55555556e-06
5.55555556e-06 5.55555556e-06
5.55555556e-06 5.55555556e-06
5.55555556e-06 5.55555556e-06
5.55555556e-06 5.55555556e-06
5.55555556e-06 5.55555556e-06
5.55555556e-06 5.55555556e-06
5.55555556e-06 5.55555556e-06
5.55555556e-06 5.55555556e-06
5.55555556e-06 5.55555556e-06
5.55555556e-06 5.55555556e-06
5.55555556e-06 5.55555556e-06
5.55555556e-06 5.55555556e-06
5.55555556e-06 5.55555556e-06
5.55555556e-06 5.55555556e-06
5.55555556e-06 5.55555556e-06
5.55555556e-06 5.55555556e-06
5.55555556e-06 5.55555556e-06
5.05050505e-06 5.05050505e-06
5.55555556e-06 5.55555556e-06
4.54545455e-06 4.54545455e-06
5.05050505e-06 5.05050505e-06
4.54545455e-06 4.54545455e-06
5.55555556e-06 5.55555556e-06
5.55555556e-06 5.55555556e-06
5.55555556e-06 5.55555556e-06
5.55555556e-06 5.55555556e-06
5.55555556e-06 5.55555556e-06
5.55555556e-06 5.55555556e-06
5.55555556e-06 5.55555556e-06
5.55555556e-06 5.55555556e-06
5.55555556e-06 5.55555556e-06
5.55555556e-06 5.55555556e-06
5.55555556e-06 5.55555556e-06
5.55555556e-06 5.55555556e-06
5.55555556e-06 5.55555556e-06
5.55555556e-06 5.55555556e-06
5.55555556e-06 5.55555556e-06
5.55555556e-06 5.55555556e-06
5.55555556e-06 5.55555556e-06
5.55555556e-06 5.55555556e-06
5.55555556e-06 5.55555556e-06
5.55555556e-06 5.55555556e-06
5.55555556e-06 5.55555556e-06
5.55555556e-06 5.55555556e-06
5.55555556e-06 5.55555556e-06
5.55555556e-06 5.55555556e-06
5.55555556e-06 5.55555556e-06
5.55555556e-06 5.55555556e-06
5.55555556e-06 5.55555556e-06
5.55555556e-06 5.55555556e-06
5.55555556e-06 5.55555556e-06
5.55555556e-06 5.55555556e-06
5.55555556e-06 5.55555556e-06
5.55555556e-06 5.55555556e-06
5.55555556e-06 5.55555556e-06
5.55555556e-06 5.55555556e-06
5.05050505e-06 5.05050505e-06
5.55555556e-06 5.55555556e-06
4.54545455e-06 4.54545455e-06
5.05050505e-06 5.05050505e-06
4.54545455e-06 4.54545455e-06
5.55555556e-06 5.55555556e-06
5.55555556e-06 5.55555556e-06
5.55555556e-06 5.55555556e-06
5.55555556e-06 5.55555556e-06
5.55555556e-06 5.55555556e-06
5.55555556e-06 5.55555556e-06
5.55555556e-06 5.55555556e-06
5.55555556e-06 5.55555556e-06
5.55555556e-06 5.55555556e-06
5.55555556e-06 5.55555556e-06
5.55555556e-06 5.55555556e-06
5.55555556e-06 5.55555556e-06
5.55555556e-06 5.55555556e-06
5.55555556e-06 5.55555556e-06
5.55555556e-06 5.55555556e-06
5.55555556e-06 5.55555556e-06
5.55555556e-06 5.55555556e-06
5.55555556e-06 5.55555556e-06
5.55555556e-06 5.55555556e-06
5.55555556e-06 5.55555556e-06
5.55555556e-06 5.55555556e-06
5.55555556e-06 5.55555556e-06
5.55555556e-06 5.55555556e-06
5.55555556e-06 5.55555556e-06
5.55555556e-06 5.55555556e-06
5.55555556e-06 5.55555556e-06
5.55555556e-06 5.55555556e-06
5.55555556e-06 5.55555556e-06
5.55555556e-06 5.55555556e-06
5.55555556e-06 5.55555556e-06
5.55555556e-06 5.55555556e-06
5.55555556e-06 5.55555556e-06
5.55555556e-06 5.55555556e-06
5.55555556e-06 5.55555556e-06
5.05050505e-06 5.05050505e-06
5.55555556e-06 5.55555556e-06
4.54545455e-06 4.54545455e-06
5.05050505e-06 5.05050505e-06
4.54545455e-06 4.54545455e-06
5.55555556e-06 5.55555556e-06
5.55555556e-06 5.55555556e-06
5.55555556e-06 5.55555556e-06
5.55555556e-06 5.55555556e-06
5.55555556e-06 5.55555556e-06
5.55555556e-06 5.55555556e-06
5.55555556e-06 5.55555556e-06
5.55555556e-06 5.55555556e-06
5.55555556e-06 5.55555556e-06
5.55555556e-06 5.55555556e-06
5.55555556e-06 5.55555556e-06
5.55555556e-06 5.55555556e-06
5.55555556e-06 5.55555556e-06
5.55555556e-06 5.55555556e-06
5.55555556e-06 5.55555556e-06
5.55555556e-06 5.55555556e-06
5.55555556e-06 5.55555556e-06
5.55555556e-06 5.55555556e-06
5.55555556e-06 5.55555556e-06
5.55555556e-06 5.55555556e-06
5.55555556e-06 5.55555556e-06
5.55555556e-06 5.55555556e-06
5.55555556e-06 5.55555556e-06
5.55555556e-06 5.55555556e-06
5.55555556e-06 5.55555556e-06
5.55555556e-06 5.55555556e-06
5.55555556e-06 5.55555556e-06
5.55555556e-06 5.55555556e-06
5.55555556e-06 5.55555556e-06
5.55555556e-06 5.55555556e-06
5.55555556e-06 5.55555556e-06
5.55555556e-06 5.55555556e-06
5.55555556e-06 5.55555556e-06
5.55555556e-06 5.55555556e-06
5.05050505e-06 5.05050505e-06
5.55555556e-06 5.55555556e-06
4.54545455e-06 4.54545455e-06
5.05050505e-06 5.05050505e-06
4.54545455e-06 4.54545455e-06
5.55555556e-06 5.55555556e-06
5.55555556e-06 5.55555556e-06
5.55555556e-06 5.55555556e-06
5.55555556e-06 5.55555556e-06
5.55555556e-06 5.55555556e-06
5.55555556e-06 5.55555556e-06
5.55555556e-06 5.55555556e-06
5.55555556e-06 5.55555556e-06
5.55555556e-06 5.55555556e-06
5.55555556e-06 5.55555556e-06
5.55555556e-06 5.55555556e-06
5.55555556e-06 5.55555556e-06
5.55555556e-06 5.55555556e-06
5.55555556e-06 5.55555556e-06
5.55555556e-06 5.55555556e-06
5.55555556e-06 5.55555556e-06
5.55555556e-06 5.55555556e-06
5.55555556e-06 5.55555556e-06
5.55555556e-06 5.55555556e-06
5.55555556e-06 5.55555556e-06
5.55555556e-06 5.55555556e-06
5.55555556e-06 5.55555556e-06
5.55555556e-06 5.55555556e-06
5.55555556e-06 5.55555556e-06
5.55555556e-06 5.55555556e-06
5.55555556e-06 5.55555556e-06
5.55555556e-06 5.55555556e-06
5.55555556e-06 5.55555556e-06
5.55555556e-06 5.55555556e-06
5.55555556e-06 5.55555556e-06
5.55555556e-06 5.55555556e-06
5.55555556e-06 5.55555556e-06
5.55555556e-06 5.55555556e-06
5.55555556e-06 5.55555556e-06
5.05050505e-06 5.05050505e-06
5.55555556e-06 5.55555556e-06
4.54545455e-06 4.54545455e-06
5.05050505e-06 5.05050505e-06
4.54545455e-06 4.54545455e-06
5.55555556e-06 5.55555556e-06
5.55555556e-06 5.55555556e-06
5.55555556e-06 5.55555556e-06
5.55555556e-06 5.55555556e-06
5.55555556e-06 5.55555556e-06
5.55555556e-06 5.55555556e-06
5.55555556e-06 5.55555556e-06
5.55555556e-06 5.55555556e-06
5.55555556e-06 5.55555556e-06
5.55555556e-06 5.55555556e-06
5.55555556e-06 5.55555556e-06
5.55555556e-06 5.55555556e-06
5.55555556e-06 5.55555556e-06
5.55555556e-06 5.55555556e-06
5.55555556e-06 5.55555556e-06
5.55555556e-06 5.55555556e-06
5.55555556e-06 5.55555556e-06
5.55555556e-06 5.55555556e-06
5.55555556e-06 5.55555556e-06
5.55555556e-06 5.55555556e-06
5.55555556e-06 5.55555556e-06
5.55555556e-06 5.55555556e-06
5.55555556e-06 5.55555556e-06
5.55555556e-06 5.55555556e-06
5.55555556e-06 5.55555556e-06
5.55555556e-06 5.55555556e-06
5.55555556e-06 5.55555556e-06
5.55555556e-06 5.55555556e-06
5.55555556e-06 5.55555556e-06
5.55555556e-06 5.55555556e-06
5.55555556e-06 5.55555556e-06
5.55555556e-06 5.55555556e-06
5.55555556e-06 5.55555556e-06
5.55555556e-06 5.55555556e-06
5.05050505e-06 5.05050505e-06
5.55555556e-06 5.55555556e-06
4.54545455e-06 4.54545455e-06
5.05050505e-06 5.05050505e-06
4.54545455e-06 4.54545455e-06
5.55555556e-06 5.55555556e-06
5.55555556e-06 5.55555556e-06
5.55555556e-06 5.55555556e-06
5.55555556e-06 5.55555556e-06
5.55555556e-06 5.55555556e-06
5.55555556e-06 5.55555556e-06
5.55555556e-06 5.55555556e-06
5.55555556e-06 5.55555556e-06
5.55555556e-06 5.55555556e-06
5.55555556e-06 5.55555556e-06
5.55555556e-06 5.55555556e-06
5.55555556e-06 5.55555556e-06
5.55555556e-06 5.55555556e-06
5.55555556e-06 5.55555556e-06
5.55555556e-06 5.55555556e-06
5.55555556e-06 5.55555556e-06
5.55555556e-06 5.55555556e-06
5.55555556e-06 5.55555556e-06
5.55555556e-06 5.55555556e-06
5.55555556e-06 5.55555556e-06
5.55555556e-06 5.55555556e-06
5.55555556e-06 5.55555556e-06
5.55555556e-06 5.55555556e-06
5.55555556e-06 5.55555556e-06
5.55555556e-06 5.55555556e-06
5.55555556e-06 5.55555556e-06
5.55555556e-06 5.55555556e-06
5.55555556e-06 5.55555556e-06
5.55555556e-06 5.55555556e-06
5.55555556e-06 5.55555556e-06
5.55555556e-06 5.55555556e-06
5.55555556e-06 5.55555556e-06
5.55555556e-06 5.55555556e-06
5.55555556e-06 5.55555556e-06
5.05050505e-06 5.05050505e-06
5.55555556e-06 5.55555556e-06
4.54545455e-06 4.54545455e-06
5.05050505e-06 5.05050505e-06
4.54545455e-06 4.54545455e-06
5.55555556e-06 5.55555556e-06
5.55555556e-06 5.55555556e-06
5.55555556e-06 5.55555556e-06
5.55555556e-06 5.55555556e-06
5.55555556e-06 5.55555556e-06
5.55555556e-06 5.55555556e-06
5.55555556e-06 5.55555556e-06
5.55555556e-06 5.55555556e-06
5.55555556e-06 5.55555556e-06
5.55555556e-06 5.55555556e-06
5.55555556e-06 5.55555556e-06
5.55555556e-06 5.55555556e-06
5.55555556e-06 5.55555556e-06
5.55555556e-06 5.55555556e-06
5.55555556e-06 5.55555556e-06
5.55555556e-06 5.55555556e-06
5.55555556e-06 5.55555556e-06
5.55555556e-06 5.55555556e-06
5.55555556e-06 5.55555556e-06
5.55555556e-06 5.55555556e-06
5.55555556e-06 5.55555556e-06
5.55555556e-06 5.55555556e-06
5.55555556e-06 5.55555556e-06
5.55555556e-06 5.55555556e-06
5.55555556e-06 5.55555556e-06
5.55555556e-06 5.55555556e-06
5.55555556e-06 5.55555556e-06
5.55555556e-06 5.55555556e-06
5.55555556e-06 5.55555556e-06
5.55555556e-06 5.55555556e-06
5.55555556e-06 5.55555556e-06
5.55555556e-06 5.55555556e-06
5.55555556e-06 5.55555556e-06
5.55555556e-06 5.55555556e-06
5.05050505e-06 5.05050505e-06
5.55555556e-06 5.55555556e-06
4.54545455e-06 4.54545455e-06
5.05050505e-06 5.05050505e-06
4.54545455e-06 4.54545455e-06
5.55555556e-06 5.55555556e-06
5.55555556e-06 5.55555556e-06
5.55555556e-06 5.55555556e-06
5.55555556e-06 5.55555556e-06
5.55555556e-06 5.55555556e-06
5.55555556e-06 5.55555556e-06
5.55555556e-06 5.55555556e-06
5.55555556e-06 5.55555556e-06
5.55555556e-06 5.55555556e-06
5.55555556e-06 5.55555556e-06
5.55555556e-06 5.55555556e-06
5.55555556e-06 5.55555556e-06
5.55555556e-06 5.55555556e-06
5.55555556e-06 5.55555556e-06
5.55555556e-06 5.55555556e-06
5.55555556e-06 5.55555556e-06
5.55555556e-06 5.55555556e-06
5.55555556e-06 5.55555556e-06
5.55555556e-06 5.55555556e-06
5.55555556e-06 5.55555556e-06
5.55555556e-06 5.55555556e-06
5.55555556e-06 5.55555556e-06
5.55555556e-06 5.55555556e-06
5.55555556e-06 5.55555556e-06
5.55555556e-06 5.55555556e-06
5.55555556e-06 5.55555556e-06
5.55555556e-06 5.55555556e-06
5.55555556e-06 5.55555556e-06
5.55555556e-06 5.55555556e-06
5.55555556e-06 5.55555556e-06
5.55555556e-06 5.55555556e-06
5.55555556e-06 5.55555556e-06
5.55555556e-06 5.55555556e-06
5.55555556e-06 5.55555556e-06
5.05050505e-06 5.05050505e-06
5.55555556e-06 5.55555556e-06
4.54545455e-06 4.54545455e-06
5.05050505e-06 5.05050505e-06
4.54545455e-06 4.54545455e-06
5.55555556e-06 5.55555556e-06
5.55555556e-06 5.55555556e-06
5.55555556e-06 5.55555556e-06
5.55555556e-06 5.55555556e-06
5.55555556e-06 5.55555556e-06
5.55555556e-06 5.55555556e-06
5.55555556e-06 5.55555556e-06
5.55555556e-06 5.55555556e-06
5.55555556e-06 5.55555556e-06
5.55555556e-06 5.55555556e-06
5.55555556e-06 5.55555556e-06
5.55555556e-06 5.55555556e-06
5.55555556e-06 5.55555556e-06
5.55555556e-06 5.55555556e-06
5.55555556e-06 5.55555556e-06
5.55555556e-06 5.55555556e-06
5.55555556e-06 5.55555556e-06
5.55555556e-06 5.55555556e-06
5.55555556e-06 5.55555556e-06
5.55555556e-06 5.55555556e-06
5.55555556e-06 5.55555556e-06
5.55555556e-06 5.55555556e-06
5.55555556e-06 5.55555556e-06
5.55555556e-06 5.55555556e-06
5.55555556e-06 5.55555556e-06
5.55555556e-06 5.55555556e-06
5.55555556e-06 5.55555556e-06
5.55555556e-06 5.55555556e-06
5.55555556e-06 5.55555556e-06
5.55555556e-06 5.55555556e-06
5.55555556e-06 5.55555556e-06
5.55555556e-06 5.55555556e-06
5.55555556e-06 5.55555556e-06
5.55555556e-06 5.55555556e-06
5.05050505e-06 5.05050505e-06
5.55555556e-06 5.55555556e-06
4.54545455e-06 4.54545455e-06
5.05050505e-06 5.05050505e-06
4.54545455e-06 4.54545455e-06
5.55555556e-06 5.55555556e-06
5.55555556e-06 5.55555556e-06
5.55555556e-06 5.55555556e-06
5.55555556e-06 5.55555556e-06
5.55555556e-06 5.55555556e-06
5.55555556e-06 5.55555556e-06
5.55555556e-06 5.55555556e-06
5.55555556e-06 5.55555556e-06
5.55555556e-06 5.55555556e-06
5.55555556e-06 5.55555556e-06
5.55555556e-06 5.55555556e-06
5.55555556e-06 5.55555556e-06
5.55555556e-06 5.55555556e-06
5.55555556e-06 5.55555556e-06
5.55555556e-06 5.55555556e-06
5.55555556e-06 5.55555556e-06
5.55555556e-06 5.55555556e-06
5.55555556e-06 5.55555556e-06
5.55555556e-06 5.55555556e-06
5.55555556e-06 5.55555556e-06
5.55555556e-06 5.55555556e-06
5.55555556e-06 5.55555556e-06
5.55555556e-06 5.55555556e-06
5.55555556e-06 5.55555556e-06
5.55555556e-06 5.55555556e-06
5.55555556e-06 5.55555556e-06
5.55555556e-06 5.55555556e-06
5.55555556e-06 5.55555556e-06
5.55555556e-06 5.55555556e-06
5.55555556e-06 5.55555556e-06
5.55555556e-06 5.55555556e-06
5.55555556e-06 5.55555556e-06
5.55555556e-06 5.55555556e-06
5.55555556e-06 5.55555556e-06
5.05050505e-06 5.05050505e-06
5.55555556e-06 5.55555556e-06
4.54545455e-06 4.54545455e-06
5.05050505e-06 5.05050505e-06
4.54545455e-06 4.54545455e-06
5.55555556e-06 5.55555556e-06
5.55555556e-06 5.55555556e-06
5.55555556e-06 5.55555556e-06
5.55555556e-06 5.55555556e-06
5.55555556e-06 5.55555556e-06
5.55555556e-06 5.55555556e-06
5.55555556e-06 5.55555556e-06
5.55555556e-06 5.55555556e-06
5.55555556e-06 5.55555556e-06
5.55555556e-06 5.55555556e-06
5.55555556e-06 5.55555556e-06
5.55555556e-06 5.55555556e-06
5.55555556e-06 5.55555556e-06
5.55555556e-06 5.55555556e-06
5.55555556e-06 5.55555556e-06
5.55555556e-06 5.55555556e-06
5.55555556e-06 5.55555556e-06
5.55555556e-06 5.55555556e-06
5.55555556e-06 5.55555556e-06
5.55555556e-06 5.55555556e-06
5.55555556e-06 5.55555556e-06
5.55555556e-06 5.55555556e-06
5.55555556e-06 5.55555556e-06
5.55555556e-06 5.55555556e-06
5.55555556e-06 5.55555556e-06
5.55555556e-06 5.55555556e-06
5.55555556e-06 5.55555556e-06
5.55555556e-06 5.55555556e-06
5.55555556e-06 5.55555556e-06
5.55555556e-06 5.55555556e-06
5.55555556e-06 5.55555556e-06
5.55555556e-06 5.55555556e-06
5.55555556e-06 5.55555556e-06
5.55555556e-06 5.55555556e-06
5.05050505e-06 5.05050505e-06
5.55555556e-06 5.55555556e-06
4.54545455e-06 4.54545455e-06
5.05050505e-06 5.05050505e-06
4.54545455e-06 4.54545455e-06
5.55555556e-06 5.55555556e-06
5.55555556e-06 5.55555556e-06
5.55555556e-06 5.55555556e-06
5.55555556e-06 5.55555556e-06
5.55555556e-06 5.55555556e-06
5.55555556e-06 5.55555556e-06
5.55555556e-06 5.55555556e-06
5.55555556e-06 5.55555556e-06
5.55555556e-06 5.55555556e-06
5.55555556e-06 5.55555556e-06
5.55555556e-06 5.55555556e-06
5.55555556e-06 5.55555556e-06
5.55555556e-06 5.55555556e-06
5.55555556e-06 5.55555556e-06
5.55555556e-06 5.55555556e-06
5.55555556e-06 5.55555556e-06
5.55555556e-06 5.55555556e-06
5.55555556e-06 5.55555556e-06
5.55555556e-06 5.55555556e-06
5.55555556e-06 5.55555556e-06
5.55555556e-06 5.55555556e-06
5.55555556e-06 5.55555556e-06
5.55555556e-06 5.55555556e-06
5.55555556e-06 5.55555556e-06
5.55555556e-06 5.55555556e-06
5.55555556e-06 5.55555556e-06
5.55555556e-06 5.55555556e-06
5.55555556e-06 5.55555556e-06
5.55555556e-06 5.55555556e-06
5.55555556e-06 5.55555556e-06
5.55555556e-06 5.55555556e-06
5.55555556e-06 5.55555556e-06
5.55555556e-06 5.55555556e-06
5.55555556e-06 5.55555556e-06
5.05050505e-06 5.05050505e-06
5.55555556e-06 5.55555556e-06
4.54545455e-06 4.54545455e-06
5.05050505e-06 5.05050505e-06
4.19580420e-06 4.19580420e-06
5.55555556e-06 5.55555556e-06
5.05050505e-06 5.05050505e-06
5.55555556e-06 5.55555556e-06
5.05050505e-06 5.05050505e-06
5.55555556e-06 5.55555556e-06
5.05050505e-06 5.05050505e-06
5.55555556e-06 5.55555556e-06
5.05050505e-06 5.05050505e-06
5.55555556e-06 5.55555556e-06
5.05050505e-06 5.05050505e-06
5.55555556e-06 5.55555556e-06
5.05050505e-06 5.05050505e-06
5.55555556e-06 5.55555556e-06
5.05050505e-06 5.05050505e-06
5.55555556e-06 5.55555556e-06
5.05050505e-06 5.05050505e-06
5.55555556e-06 5.55555556e-06
5.05050505e-06 5.05050505e-06
5.55555556e-06 5.55555556e-06
5.05050505e-06 5.05050505e-06
5.55555556e-06 5.55555556e-06
5.05050505e-06 5.05050505e-06
5.55555556e-06 5.55555556e-06
5.05050505e-06 5.05050505e-06
5.55555556e-06 5.55555556e-06
5.05050505e-06 5.05050505e-06
5.55555556e-06 5.55555556e-06
5.05050505e-06 5.05050505e-06
5.55555556e-06 5.55555556e-06
5.05050505e-06 5.05050505e-06
5.55555556e-06 5.55555556e-06
5.05050505e-06 5.05050505e-06
5.55555556e-06 5.55555556e-06
5.05050505e-06 5.05050505e-06
5.05050505e-06 5.05050505e-06
5.05050505e-06 5.05050505e-06
4.19580420e-06 4.19580420e-06
4.19580420e-06 4.19580420e-06
4.54545455e-06 4.54545455e-06
4.54545455e-06 4.54545455e-06
4.54545455e-06 4.54545455e-06
4.54545455e-06 4.54545455e-06
4.54545455e-06 4.54545455e-06
4.54545455e-06 4.54545455e-06
4.54545455e-06 4.54545455e-06
4.54545455e-06 4.54545455e-06
4.54545455e-06 4.54545455e-06
4.54545455e-06 4.54545455e-06
4.54545455e-06 4.54545455e-06
4.54545455e-06 4.54545455e-06
4.54545455e-06 4.54545455e-06
4.54545455e-06 4.54545455e-06
4.54545455e-06 4.54545455e-06
4.54545455e-06 4.54545455e-06
4.54545455e-06 4.54545455e-06
4.19580420e-06 4.19580420e-06
-1.67832168e-05 -2.05277329e-07
-1.37917638e-05 -3.79207271e-07
-1.41414141e-05 -2.85973464e-07
-1.41414141e-05 -7.21732665e-08
-1.41414141e-05 2.16301710e-07
-1.41414141e-05 4.05181504e-07
-1.41414141e-05 3.68295099e-07
-1.41414141e-05 3.31267675e-07
-1.41414141e-05 2.92505595e-07
-1.41414141e-05 2.93638477e-07
-1.41414141e-05 5.14851015e-07
-1.41414141e-05 3.96930552e-07
-1.41414141e-05 6.13158969e-07
-1.41414141e-05 6.53985057e-07
-1.41414141e-05 4.33585102e-07
-1.41414141e-05 3.01239835e-07
-1.41414141e-05 -2.62907830e-08
-1.41414141e-05 -2.61035564e-07
-1.37917638e-05 -4.10475296e-08
-8.39160839e-06 3.01997276e-07
-1.37917638e-05 -4.41893110e-07
-2.12121212e-05 -4.80792472e-07
-2.17171717e-05 -2.67552671e-07
-2.17171717e-05 -2.33912220e-08
-2.17171717e-05 1.92913542e-07
-2.17171717e-05 3.68938740e-07
-2.17171717e-05 3.04018458e-07
-2.17171717e-05 2.43076923e-07
-2.17171717e-05 2.98700970e-07
-2.17171717e-05 2.66686308e-07
-2.17171717e-05 6.05951024e-07
-2.17171717e-05 5.15513380e-07
-2.17171717e-05 5.64863874e-07
-2.17171717e-05 6.73949769e-07
-2.17171717e-05 5.17301966e-07
-2.17171717e-05 1.51917613e-07
-2.17171717e-05 -2.55890180e-07
-2.17171717e-05 -6.23130969e-07
-2.12121212e-05 -7.90195451e-07
-1.37917638e-05 -1.55091251e-07
-1.41414141e-05 -6.20397681e-07
-2.17171717e-05 -6.16508745e-07
-2.22222222e-05 -3.25591656e-07
-2.22222222e-05 -1.59711296e-08
-2.22222222e-05 1.40819179e-07
-2.22222222e-05 2.89555125e-07
-2.22222222e-05 2.69901213e-07
-2.22222222e-05 1.80303232e-07
-2.22222222e-05 3.37639121e-07
-2.22222222e-05 3.02846583e-07
-2.22222222e-05 5.20599428e-07
-2.22222222e-05 6.43325647e-07
-2.22222222e-05 6.85603977e-07
-2.22222222e-05 3.45762355e-07
-2.22222222e-05 2.07825692e-07
-2.22222222e-05 1.88910922e-07
-2.22222222e-05 -4.94126556e-08
-2.22222222e-05 -5.34640249e-07
-2.17171717e-05 -5.62689564e-07
-1.41414141e-05 -3.39811440e-07
-1.41414141e-05 -6.63159259e-07
-2.17171717e-05 -6.35756172e-07
-2.22222222e-05 -3.40838243e-07
-2.22222222e-05 3.37198851e-08
-2.22222222e-05 1.45462020e-07
-2.22222222e-05 2.01643680e-07
-2.22222222e-05 2.72585803e-07
-2.22222222e-05 1.62388157e-07
-2.22222222e-05 2.55960683e-07
-2.22222222e-05 3.86031556e-07
-2.22222222e-05 4.48744356e-07
-2.22222222e-05 3.79297342e-07
-2.22222222e-05 6.11863325e-07
-2.22222222e-05 2.67164375e-07
-2.22222222e-05 -1.85295448e-07
-2.22222222e-05 -3.24519742e-07
-2.22222222e-05 -2.67047934e-07
-2.22222222e-05 -8.17800698e-08
-2.17171717e-05 -1.85897073e-07
-1.41414141e-05 -4.71821375e-08
-1.41414141e-05 -6.07267301e-07
-2.17171717e-05 -5.07952649e-07
-2.22222222e-05 -2.77977097e-07
-2.22222222e-05 1.21350537e-07
-2.22222222e-05 2.57106517e-07
-2.22222222e-05 1.22173969e-07
-2.22222222e-05 1.84521287e-07
-2.22222222e-05 2.30725307e-07
-2.22222222e-05 1.10975980e-07
-2.22222222e-05 1.20615033e-07
-2.22222222e-05 3.63254265e-07
-2.22222222e-05 3.32969950e-07
-2.22222222e-05 2.32428950e-07
-2.22222222e-05 -1.34990213e-07
-2.22222222e-05 -2.54318239e-07
-2.22222222e-05 -1.68564832e-07
-2.22222222e-05 -3.25118533e-07
-2.22222222e-05 1.04059343e-07
-2.17171717e-05 1.37110275e-07
-1.41414141e-05 2.72719425e-07
-1.41414141e-05 -4.56328399e-07
-2.17171717e-05 -2.58043995e-07
-2.22222222e-05 -1.39198710e-07
-2.22222222e-05 1.23300638e-07
-2.22222222e-05 3.55294974e-07
-2.22222222e-05 1.77594113e-07
-2.22222222e-05 -4.32107706e-09
-2.22222222e-05 1.19518348e-07
-2.22222222e-05 1.47195836e-07
-2.22222222e-05 -7.31045540e-08
-2.22222222e-05 -1.87331040e-07
-2.22222222e-05 -6.74312466e-08
-2.22222222e-05 -5.99966848e-08
-2.22222222e-05 -1.73888662e-07
-2.22222222e-05 -1.53316830e-07
-2.22222222e-05 -1.89641368e-07
-2.22222222e-05 -1.97809866e-07
-2.22222222e-05 6.09284158e-08
-2.17171717e-05 3.54602812e-07
-1.41414141e-05 3.21362684e-07
-1.41414141e-05 -3.32153870e-07
-2.17171717e-05 -7.09589954e-08
-2.22222222e-05 1.83255132e-08
-2.22222222e-05 6.60463325e-08
-2.22222222e-05 2.83433620e-07
-2.22222222e-05 3.07853103e-07
-2.22222222e-05 6.17079480e-08
-2.22222222e-05 -1.06783312e-07
-2.22222222e-05 -1.12108826e-07
-2.22222222e-05 -1.15493673e-07
-2.22222222e-05 -2.84921666e-07
-2.22222222e-05 -2.58454115e-07
-2.22222222e-05 -5.41645765e-07
-2.22222222e-05 -5.61198030e-07
-2.22222222e-05 -1.87423034e-07
-2.22222222e-05 -1.70539382e-07
-2.22222222e-05 1.58128105e-07
-2.22222222e-05 1.21414501e-07
-2.17171717e-05 4.67910844e-07
-1.41414141e-05 4.76769577e-07
-1.41414141e-05 -3.13833022e-07
-2.17171717e-05 -9.56286130e-08
-2.22222222e-05 8.42721654e-08
-2.22222222e-05 4.36960550e-08
-2.22222222e-05 1.50795036e-07
-2.22222222e-05 2.87353677e-07
-2.22222222e-05 2.35168396e-07
-2.22222222e-05 -6.01959488e-08
-2.22222222e-05 -4.24350917e-07
-2.22222222e-05 -5.91510170e-07
-2.22222222e-05 -6.89350229e-07
-2.22222222e-05 -4.61341278e-07
-2.22222222e-05 -5.20552970e-07
-2.22222222e-05 -4.19539114e-07
-2.22222222e-05 -8.72844347e-08
-2.22222222e-05 -1.20407337e-07
-2.22222222e-05 2.75591583e-07
-2.22222222e-05 3.33546147e-07
-2.17171717e-05 3.85987148e-07
-1.41414141e-05 5.01030512e-07
-1.41414141e-05 -4.03782674e-07
-2.17171717e-05 -3.32758664e-07
-2.22222222e-05 1.57284856e-08
-2.22222222e-05 8.68903637e-08
-2.22222222e-05 1.68659078e-07
-2.22222222e-05 2.01588148e-07
-2.22222222e-05 1.17915987e-07
-2.22222222e-05 -1.57575876e-07
-2.22222222e-05 -4.99883898e-07
-2.22222222e-05 -6.58097452e-07
-2.22222222e-05 -5.57028231e-07
-2.22222222e-05 -3.84461101e-07
-2.22222222e-05 -3.30893494e-07
-2.22222222e-05 -1.77482538e-07
-2.22222222e-05 -1.45775542e-07
-2.22222222e-05 -2.16505211e-07
-2.22222222e-05 -1.16257625e-07
-2.22222222e-05 2.59193422e-07
-2.17171717e-05 2.16633123e-07
-1.41414141e-05 1.19906124e-07
-1.41414141e-05 -4.64531837e-07
-2.17171717e-05 -5.51358195e-07
-2.22222222e-05 -1.26275315e-07
-2.22222222e-05 2.84052498e-08
-2.22222222e-05 1.54867357e-07
-2.22222222e-05 1.68711908e-07
-2.22222222e-05 3.37146872e-08
-2.22222222e-05 -2.31463943e-07
-2.22222222e-05 -4.18636921e-07
-2.22222222e-05 -4.67861630e-07
-2.22222222e-05 -2.03394010e-07
-2.22222222e-05 -2.21953107e-07
-2.22222222e-05 -3.89168902e-07
-2.22222222e-05 -3.67870907e-07
-2.22222222e-05 -4.60555232e-07
-2.22222222e-05 -1.76291075e-07
-2.22222222e-05 -1.44237710e-07
-2.22222222e-05 1.26697995e-07
-2.17171717e-05 2.28506795e-07
-1.41414141e-05 2.87351804e-08
-1.41414141e-05 -4.26849934e-07
-2.17171717e-05 -6.03160187e-07
-2.22222222e-05 -2.24880348e-07
-2.22222222e-05 -1.04705724e-07
-2.22222222e-05 9.10844826e-09
-2.22222222e-05 6.81366779e-08
-2.22222222e-05 -8.79064141e-09
-2.22222222e-05 -1.99025822e-07
-2.22222222e-05 -3.56642183e-07
-2.22222222e-05 -3.03029506e-07
-2.22222222e-05 -1.32126763e-07
-2.22222222e-05 -1.68002263e-07
-2.22222222e-05 -2.31974432e-07
-2.22222222e-05 -2.07399410e-07
-2.22222222e-05 -4.26971513e-07
-2.22222222e-05 -1.95050409e-07
-2.22222222e-05 -1.29257078e-07
-2.22222222e-05 -3.14183101e-07
-2.17171717e-05 -3.25798063e-07
-1.41414141e-05 -2.44276244e-07
-1.41414141e-05 -3.02724550e-07
-2.17171717e-05 -5.18732830e-07
-2.22222222e-05 -2.42432398e-07
-2.22222222e-05 -1.55571376e-07
-2.22222222e-05 -7.92481091e-08
-2.22222222e-05 -1.25293696e-08
-2.22222222e-05 -4.44636545e-08
-2.22222222e-05 -5.93675056e-08
-2.22222222e-05 -2.01049985e-07
-2.22222222e-05 5.39251018e-08
-2.22222222e-05 1.50004968e-07
-2.22222222e-05 -7.17510826e-08
-2.22222222e-05 -2.06776707e-07
-2.22222222e-05 -1.43932563e-07
-2.22222222e-05 -2.33188057e-07
-2.22222222e-05 -2.68616065e-07
-2.22222222e-05 -1.84133666e-07
-2.22222222e-05 -3.52791149e-07
-2.17171717e-05 -4.91565048e-07
-1.41414141e-05 -4.04398098e-07
-1.41414141e-05 -1.23318283e-07
-2.17171717e-05 -3.26479782e-07
-2.22222222e-05 -1.51565444e-07
-2.22222222e-05 -7.42593626e-08
-2.22222222e-05 -4.96944197e-08
-2.22222222e-05 -1.84322471e-08
-2.22222222e-05 1.80755025e-08
-2.22222222e-05 1.85845289e-07
-2.22222222e-05 1.82144767e-07
-2.22222222e-05 2.62123941e-07
-2.22222222e-05 2.83720463e-07
-2.22222222e-05 1.98055393e-07
-2.22222222e-05 1.41835628e-07
-2.22222222e-05 9.70801381e-08
-2.22222222e-05 9.13448505e-09
-2.22222222e-05 -2.72663148e-07
-2.22222222e-05 -3.72925029e-07
-2.22222222e-05 -2.85513335e-07
-2.17171717e-05 -2.35967883e-07
-1.41414141e-05 -2.58108892e-07
-1.41414141e-05 1.10963113e-07
-2.17171717e-05 -4.92149734e-08
-2.22222222e-05 -3.33795186e-08
-2.22222222e-05 -7.02164346e-08
-2.22222222e-05 -8.08302714e-08
-2.22222222e-05 2.28116328e-08
-2.22222222e-05 2.27514874e-07
-2.22222222e-05 2.80196562e-07
-2.22222222e-05 2.95931611e-07
-2.22222222e-05 2.77333637e-07
-2.22222222e-05 3.03746442e-07
-2.22222222e-05 3.49622239e-07
-2.22222222e-05 3.34457904e-07
-2.22222222e-05 1.14266309e-07
-2.22222222e-05 -6.93096407e-08
-2.22222222e-05 -2.11853398e-07
-2.22222222e-05 -2.96332844e-07
-2.22222222e-05 -2.56200790e-07
-2.17171717e-05 -2.30883343e-07
-1.41414141e-05 -1.42112627e-07
-1.41414141e-05 3.82227742e-07
-2.17171717e-05 2.13013454e-07
-2.22222222e-05 2.51732909e-08
-2.22222222e-05 -1.41354293e-07
-2.22222222e-05 -1.58818383e-07
-2.22222222e-05 -2.84143667e-08
-2.22222222e-05 8.30823627e-08
-2.22222222e-05 1.98148027e-07
-2.22222222e-05 2.22173711e-07
-2.22222222e-05 2.24014361e-07
-2.22222222e-05 3.74545031e-07
-2.22222222e-05 5.08039439e-07
-2.22222222e-05 4.62328016e-07
-2.22222222e-05 2.03110919e-07
-2.22222222e-05 1.88198702e-08
-2.22222222e-05 7.23192624e-08
-2.22222222e-05 8.21525464e-08
-2.22222222e-05 -5.08873660e-08
-2.17171717e-05 -1.26759562e-07
-1.41414141e-05 1.59904603e-07
-1.41414141e-05 5.65086091e-07
-2.17171717e-05 3.42384740e-07
-2.22222222e-05 1.01355439e-07
-2.22222222e-05 -9.32088577e-08
-2.22222222e-05 -2.51012324e-07
-2.22222222e-05 -8.25355605e-08
-2.22222222e-05 -5.22208685e-08
-2.22222222e-05 -8.33733687e-08
-2.22222222e-05 -1.01693662e-07
-2.22222222e-05 3.42636779e-08
-2.22222222e-05 2.62028911e-07
-2.22222222e-05 3.21425552e-07
-2.22222222e-05 1.98492599e-07
-2.22222222e-05 1.18494681e-07
-2.22222222e-05 1.28891980e-07
-2.22222222e-05 1.20424373e-07
-2.22222222e-05 2.40772954e-08
-2.22222222e-05 6.55968093e-08
-2.17171717e-05 2.99267308e-07
-1.41414141e-05 4.16690733e-07
-1.41414141e-05 6.56888989e-07
-2.17171717e-05 4.57877994e-07
-2.22222222e-05 2.13551125e-07
-2.22222222e-05 -8.28462593e-08
-2.22222222e-05 -2.53498372e-07
-2.22222222e-05 -2.27081858e-07
-2.22222222e-05 -1.42332491e-07
-2.22222222e-05 -1.61621581e-07
-2.22222222e-05 -1.18572353e-07
-2.22222222e-05 7.50853700e-08
-2.22222222e-05 2.18458936e-07
-2.22222222e-05 1.88037652e-07
-2.22222222e-05 1.10512731e-07
-2.22222222e-05 1.66861133e-07
-2.22222222e-05 1.70417748e-07
-2.22222222e-05 1.20866846e-08
-2.22222222e-05 4.69378073e-09
-2.22222222e-05 3.24845639e-07
-2.17171717e-05 5.06825307e-07
-1.41414141e-05 4.27997167e-07
-1.41414141e-05 7.88051731e-07
-2.17171717e-05 6.19679143e-07
-2.22222222e-05 3.21163354e-07
-2.22222222e-05 1.32216252e-08
-2.22222222e-05 -3.09514596e-07
-2.22222222e-05 -3.78817360e-07
-2.22222222e-05 -3.16161005e-07
-2.22222222e-05 -2.97964419e-07
-2.22222222e-05 -2.09017331e-07
-2.22222222e-05 -9.03280245e-08
-2.22222222e-05 -6.70706423e-08
-2.22222222e-05 -7.08099861e-08
-2.22222222e-05 -1.14020888e-08
-2.22222222e-05 5.78517924e-08
-2.22222222e-05 -5.18838841e-08
-2.22222222e-05 -1.18901694e-07
-2.22222222e-05 1.30747318e-07
-2.22222222e-05 3.65833412e-07
-2.17171717e-05 4.31777720e-07
-1.41414141e-05 7.03936391e-07
-1.37917638e-05 8.28038611e-07
-2.12121212e-05 6.27239361e-07
-2.17171717e-05 3.46678476e-07
-2.17171717e-05 9.82259876e-08
-2.17171717e-05 -1.07339861e-07
-2.17171717e-05 -1.90768905e-07
-2.17171717e-05 -2.02402170e-07
-2.17171717e-05 -1.78668211e-07
-2.17171717e-05 -1.45927233e-07
-2.17171717e-05 -1.97191960e-07
-2.17171717e-05 -2.59499754e-07
-2.17171717e-05 -1.88684515e-07
-2.17171717e-05 -1.17795292e-07
-2.17171717e-05 -1.97713931e-07
-2.17171717e-05 -2.97896661e-07
-2.17171717e-05 -1.37979995e-07
-2.17171717e-05 8.51075239e-08
-2.17171717e-05 2.28247333e-07
-2.12121212e-05 7.56876623e-07
-1.37917638e-05 9.47326934e-07
-8.39160839e-06 7.61233487e-07
-1.37917638e-05 5.89077277e-07
-1.41414141e-05 2.73463982e-07
-1.41414141e-05 3.11750776e-08
-1.41414141e-05 -9.21862674e-08
-1.41414141e-05 -1.73185915e-07
-1.41414141e-05 -2.02673238e-07
-1.41414141e-05 -2.04811711e-07
-1.41414141e-05 -2.36723877e-07
-1.41414141e-05 -2.91301687e-07
-1.41414141e-05 -2.67120838e-07
-1.41414141e-05 -1.78407160e-07
-1.41414141e-05 -1.93381169e-07
-1.41414141e-05 -2.69993338e-07
-1.41414141e-05 -2.33078348e-07
-1.41414141e-05 -1.33354835e-07
-1.41414141e-05 -4.78293567e-08
-1.41414141e-05 3.54790047e-07
-1.37917638e-05 5.53080842e-07
-8.39160839e-06 7.18471882e-07
